SEASAT 1                
1 10967U 78064A   02066.93638969  .00002016  00000-0  67068-3 0   827
2 10967 108.0095 187.3174 0002882 277.0413  83.0401 14.40786447242035
LANDSAT 4               
1 13367U 82072A   02069.30283764  .00009168  00000-0  82877-3 0  1170
2 13367  98.2289 148.2053 0009583 162.5917 197.5500 14.95661397 46197
LANDSAT 5               
1 14780U 84021A   02069.18604877  .00001083  00000-0  25035-3 0  6192
2 14780  98.1724 135.2738 0001060 200.0987 160.0149 14.57125734958603
COSMOS 1602             
1 15331U 84105A   02066.73410185  .00008262  00000-0  75894-3 0  1642
2 15331  82.5287 307.0916 0015985 207.3713 152.6654 14.94613258943574
SPOT 1                  
1 16613U 86019A   02066.74818663  .00000914  00000-0  44979-3 0  9471
2 16613  98.7252 143.8999 0000749  44.9632 315.1605 14.20057336516861
COSMOS 1766             
1 16881U 86055A   02068.91974108  .00008171  00000-0  77370-3 0  1180
2 16881  82.5166   2.2035 0014113 243.8181 116.1517 14.93440050844539
MOS 1A (MOMO 1)         
1 17527U 87018A   02068.50827498 -.00000027  00000-0  10000-4 0  4074
2 17527  98.7173  87.6260 0017067 263.1667  96.7603 14.01421274767760
IRS-1A                  
1 18960U 88021A   02066.87657727  .00000592  00000-0  46158-3 0  8381
2 18960  98.9454  19.6050 0012907 315.0314  44.9800 13.96164167615700
OKEAN 1                 
1 19274U 88056A   02067.17269066  .00005731  00000-0  57171-3 0  8036
2 19274  82.5076 108.0053 0018951  63.7125 296.6038 14.91258714739508
SPOT 2                  
1 20436U 90005A   02069.26649069  .00000660  00000-0  33072-3 0  2632
2 20436  98.7317 145.2895 0001194  93.6203 298.8014 14.20030527628758
MOS 1B (MOMO 1B)        
1 20478U 90013A   02066.67652316 -.00000042  00000-0  00000-0 0  6774
2 20478  98.8588 114.3186 0005338 302.5012  57.5643 13.94552180535691
OKEAN 2                 
1 20510U 90018A   02068.04113381  .00006512  00000-0  72786-3 0  1699
2 20510  82.5174  76.4491 0013621 296.5694  63.4182 14.86755926649086
OKEAN 3                 
1 21397U 91039A   02069.29950051  .00005355  00000-0  65211-3 0  7985
2 21397  82.5226 357.3699 0021634  37.1464 323.1235 14.83097779580447
ERS-1                   
1 21574U 91050A   02068.82762173  .00001788  00000-0  63907-3 0  4959
2 21574  98.4807 144.4957 0035291  86.4890 274.0325 14.34929824556999
IRS-1B                  
1 21688U 91061A   02066.75037027  .00000154  00000-0  14234-3 0   355
2 21688  99.0172 140.5868 0018161 269.7512 236.6635 13.96567270430482
TOPEX                   
1 22076U 92052A   02066.45403312 -.00000038  00000-0  10000-3 0  4712
2 22076  66.0418 193.0838 0008176 271.7009  88.3092 12.80930066447712
SPOT 3                  
1 22823U 93061A   02066.66573660  .00000714  00000-0  36787-3 0  3810
2 22823  98.4873 112.0388 0016505 144.1120 216.1168 14.18067800437252
OKEAN 1-7               
1 23317U 94066A   02068.88563895  .00003741  00000-0  49581-3 0   276
2 23317  82.5416 290.2246 0024613 104.7593 255.6349 14.79439042398966
IRS-P2                  
1 23323U 94068A   02066.86936090  .00000557  00000-0  26810-3 0  1950
2 23323  98.5130 128.6663 0000767  81.9194 278.2072 14.22576011383769
RESURS O1-3             
1 23342U 94074A   02066.58874388  .00004348  00000-0  66715-3 0  9743
2 23342  97.7480  75.9489 0002315 111.9157 248.2288 14.74090423393967
ERS-2                   
1 23560U 95021A   02069.76388946  .00000145  00000-0  69788-4 0  4730
2 23560  98.5440 145.3260 0000964  31.4030 120.9648 14.32253748360108
SICH-1                  
1 23657U 95046A   02067.56508996  .00004558  00000-0  62032-3 0  8852
2 23657  82.5270  72.1536 0027547  88.3561 272.0808 14.78309702350937
RADARSAT                
1 23710U 95059A   02066.87839634  .00000729  00000-0  29977-3 0  1305
2 23710  98.5756  75.4155 0000847  94.9862 265.1412 14.29984852330895
IRS-1C                  
1 23751U 95072A   02066.73308696  .00000314  00000-0  16256-3 0  1169
2 23751  98.6393 140.2857 0000829 111.1050 249.0216 14.21668234321325
IRS-P3                  
1 23827U 96017A   02066.76078895  .00000921  00000-0  43833-3 0  1740
2 23827  98.5374 134.4479 0000874 265.5282  94.5793 14.21714563309385
TOMS-EP                 
1 23940U 96037A   02066.95457390  .00004532  00000-0  11895-2 0  9438
2 23940  98.2942 332.3592 0029131 257.4474 102.3461 14.49419674303787
ADEOS                   
1 24277U 96046A   02066.72871569  .00000778  00000-0  32973-3 0  2538
2 24277  98.3966 123.6086 0000231 187.0891 173.0286 14.28140342289387
ORBVIEW 2 (SEASTAR)     
1 24883U 97037A   02068.85305138  .00002401  00000-0  52750-3 0  7515
2 24883  98.2149 168.4181 0001431 165.9763 194.1473 14.58446812244940
IRS-1D                  
1 24971U 97057A   02066.81122075  .00000862  00000-0  32583-3 0   734
2 24971  98.4713 144.6425 0056906 264.0701  95.3991 14.32856726232130
TRMM                    
1 25063U 97074A   02068.60236283  .00062164  00000-0  86173-3 0  5666
2 25063  34.9772 269.5994 0002005 230.9010 129.6298 15.55906957246030
SPOT 4                  
1 25260U 98017A   02066.91461454 -.00001540  00000-0 -70352-3 0   126
2 25260  98.6895 142.4995 0001183 109.2279 250.9025 14.20027423205060
TUBSAT N                
1 25389U 98042A   02066.65951014  .00250585  18991-4  13973-2 0   460
2 25389  78.8829 185.1288 0075549 296.8465  62.5202 15.75130750202841
RESURS O1-N4            
1 25394U 98043A   02068.44637567  .00001069  00000-0  48901-3 0  1819
2 25394  98.6621 147.1663 0002065  54.9501 305.1857 14.23531927190288
FASAT-B                 
1 25395U 98043B   02066.94239016 -.00000044  00000-0  00000-0 0  7140
2 25395  98.6591 145.6193 0003341  63.6636 296.4895 14.23601044190103
TMSAT                   
1 25396U 98043C   02069.53781038 -.00000044  00000-0  00000+0 0  6839
2 25396  98.6588 147.7512 0003480  71.1692 288.9865 14.23304068190444
TECHSAT 1B              
1 25397U 98043D   02066.89963206  .00000519  00000-0  25048-3 0  6913
2 25397  98.6560 144.4470 0001991  77.2897 282.8501 14.22809144190052
ROCSAT-1                
1 25616U 99002A   02066.87446284  .00011379  00000-0  11690-2 0  7300
2 25616  34.9832  51.6582 0025699  50.2483 310.0480 14.89418441168758
SUNSAT                  
1 25636U 99008C   02068.84758087  .00001136  00000-0  30740-3 0  5793
2 25636  96.4731 132.2022 0150279 349.7282  10.0843 14.42525873159962
LANDSAT 7               
1 25682U 99020A   02069.36524064  .00000979  00000-0  22729-3 0  7628
2 25682  98.2046 138.1385 0000540  49.3498 310.7747 14.57114825154321
UOSAT-12                
1 25693U 99021A   02069.20742946  .00010730  00000-0  16269-2 0  7105
2 25693  64.5625 346.2188 0020598 223.3518 136.5935 14.74335102155301
KITSAT-3                
1 25756U 99029A   02069.45385927  .00001929  00000-0  49543-3 0  6024
2 25756  98.4002 178.6080 0015227 356.4180   3.6932 14.51288362147706
TUBSAT                  
1 25757U 99029B   02069.44134851  .00000651  00000-0  17842-3 0  6086
2 25757  98.3967 177.6745 0015588   1.7214 358.4031 14.50278902147665
OCEANSAT                
1 25758U 99029C   02068.86360560  .00002568  00000-0  66205-3 0  7942
2 25758  98.2860 167.1115 0001338  59.9410 300.1915 14.50869452147686
QUIKSCAT                
1 25789U 99034A   02066.94664811  .00000544  00000-0  24441-3 0  4872
2 25789  98.6313 253.8270 0001197  72.5032 287.6284 14.26407175141423
OKEAN-O                 
1 25860U 99039A   02069.50520248  .00002655  00000-0  43319-3 0  7410
2 25860  97.9102 122.3225 0001968  79.2839 280.8590 14.71738388142166
IKONOS-2                
1 25919U 99051A   02066.77786640 -.00027182  00000-0 -51564-2 0  7475
2 25919  98.1533 143.7869 0001491  93.1125 266.9591 14.64387618130988
CBERS-1                 
1 25940U 99057A   02066.85922233  .00001163  00000-0  41928-3 0  7039
2 25940  98.4592 141.4465 0000862  95.3741 264.7543 14.35483815125662
TERRA                   
1 25994U 99068A   02069.24866592  .00001915  00000-0  43449-3 0  6383
2 25994  98.1939 145.5499 0000736  16.7538 343.3697 14.57149257118373
KOMPSAT                 
1 26032U 99070A   02066.86445582  .00005387  00000-0  10152-2 0  7895
2 26032  98.1194 328.2595 0004110 329.1712  30.9244 14.64931601118010
TIUNGSAT 1              
1 26548U 00057D   02066.85951912  .00007087  00000-0  94757-3 0  2609
2 26548  64.5599  15.7914 0051231 287.8531  71.6978 14.79266415 77904
EO-1                    
1 26619U 00075A   02066.75651039 -.00012823  00000-0 -28434-2 0  4699
2 26619  98.2077 135.8192 0001489  93.8187 266.3184 14.57085968 68586
SAC C                   
1 26620U 00075B   02066.91207876  .00002796  00000-0  63041-3 0  4819
2 26620  98.2339 142.3846 0003351 227.7580 132.3335 14.57115405 68640
EROS-A1                 
1 26631U 00079A   02066.80177882  .00059559  00000-0  19389-2 0  4719
2 26631  97.3590 131.2463 0013458 100.4967  10.3530 15.31555014 69851
QUICKBIRD 2             
1 26953U 01047A   02066.88902009  .00020228  00000-0  51505-3 0  4388
2 26953  97.1998 142.8951 0003315 110.2029  18.2664 15.39594263 21532
BADR B                  
1 27003U 01056C   02066.89858821  .00000144  00000-0  21472-3 0   794
2 27003  99.6391 301.8157 0020983  87.4415 272.9128 13.69999876 11940
MAROC-TUBSAT            
1 27004U 01056D   02066.97451295  .00000144  00000-0  21472-3 0   462
2 27004  99.6380 301.8810 0020535  87.4739 272.8757 13.69952900 11941
